22 serialization::archive 9 0 0 1 2 13911 0 0 2 0 3 21 MinuteFrequencyVector 1 0
0 1 0
1 60 0 1.6125574093004245 1.3456253620513767 0.91741197626492488 1.3306566547998326 1.3400170463544185 1.3535525720751702 1.5331711797237162 1.5469695357308764 1.4396445585306485 1.2836589918686439 1.4403701814653869 1.2679655084205781 1.3267499593434802 1.3382081880954957 1.333144145129084 1.3448350223375474 1.358419214482371 1.3871535359773481 1.3992022727156765 1.413335629005734 1.4276117464704383 1.4420320671418569 1.4565980476180374 1.4462833810586104 1.3237480296613151 1.3102142205479907 1.3218909101313654 1.4977531174964167 1.5096668911760158 1.3591912320745132 1.3713469036178243 1.3851988925432568 1.3991908005487443 1.5585209471741097 1.5727969475878305 1.6554116340526916 1.5239879721420075 1.5393817900424318 1.5549311010529614 1.5706374758110722 1.5865025008192648 1.5424670435189358 1.556180805938838 1.5718998039786243 1.5877775797763882 1.7534571427514825 1.834756595582554 1.7021365555342809 1.7193298540750312 1.7366968222980115 1.7542392144424359 1.7719588024671069 1.9293329450046253 1.834968614450166 0.71096461209884865 1.0236050987554248 0.86372516447616809 0.87244966108703847 1.0221466968305695 1.6021427796432313 1 1 60 60 1 1 1 1 1 1 1 1 1 1 1 1 1 1 1 1 1 1 1 1 1 1 1 1 1 1 1 1 1 1 1 1 1 1 1 1 1 1 1 1 1 1 1 1 1 1 1 1 1 1 1 1 1 1 0 0 0 0 0 0 21 minuteFrequencyVector 6 19 HourFrequencyVector 1 0
2
3 24 0 0 0 0 0 0 0 0 0 0 0 0.97029899999999991 0.97029899999999991 0.98999999999999999 0 0 0.94148014940099989 0.94148014940099989 0.94148014940099989 0.96059600999999994 0.95099004989999991 0.95099004989999991 0.96059600999999994 0 0 2 1 24 24 0 0 0 0 0 0 0 0 0 0 1 1 1 0 0 1 1 1 1 1 1 1 0 0 19 hourFrequencyVector 7 1#15711 0 3 121412 2 0 3
4
5 60 0 0.46350856234688054 0.91416752096629106 0.59296644640149943 0.28758360936686406 0.28758360936686406 0.9550445418411897 1.1221784768560739 0.46352052241409175 0.29638658739920792 0.99422080864274021 0.99422080864274021 0.7690597565618803 0.11995712819347792 0.36603234127322926 1.2175086918246882 0.97635416281041032 0.12487781225895152 0 1.0883437738930537 1.2866180304819681 0.32958773591720297 0.1313134793282883 1.1329880226059377 1.1329880226059377 0.20849246173476127 0.20849246173476127 0.41712087993322045 1.1871640257383753 0.98708804247796267 0.2170448966728076 0 1.3991908005487443 1.6251389560827307 0.22594815553398728 0.14666354163210371 1.4377870508261059 1.2911235091940017 0.23759255478829303 0.23759255478829303 0.47534004200570701 1.3528610650046748 1.3096642728413823 0.43214324984241442 0 1.4133542773828396 1.6708388841467883 0.25748460676394869 0 1.4713305725503063 1.4713305725503063 0.270754259511994 0.270754259511994 0.54168507596685356 0.70549304567494053 0.16380796970808745 0 0.87244966108703847 0.87244966108703847 0.56960120247715917 0.1423074877820886 1 1 60 60 0 0 0 0 0 0 0 0 0 0 0 0 0 0 0 0 0 0 0 0 0 0 0 0 0 0 0 0 0 0 0 0 0 0 0 0 0 0 0 0 0 0 0 0 0 0 0 0 0 0 0 0 0 0 0 0 0 0 0 0 21 minuteFrequencyVector 6
6
7 24 0 0 0 0 0 0 0 0 0 0 0 0.98009999999999997 14.830299 12 0 0 3.7947394482029995 7.7623919999999993 1.9601999999999999 1.9405979999999998 1.9212890498999999 0.95099004989999991 0 0 0 2 1 24 24 0 0 0 0 0 0 0 0 0 0 0 0 0 0 0 0 0 0 0 0 0 0 0 0 19 hourFrequencyVector 7 2#13911 1 1 15711 2 0 3
8
9 60 0 1.6125574093004245 1.3456253620513767 0.91741197626492488 1.3306566547998326 1.3400170463544185 1.3535525720751702 1.5331711797237162 1.5469695357308764 1.4396445585306485 1.2836589918686439 1.4403701814653869 1.2679655084205781 1.3267499593434802 1.3382081880954957 1.333144145129084 1.3448350223375474 1.358419214482371 1.3871535359773481 1.3992022727156765 1.413335629005734 1.4276117464704383 1.4420320671418569 1.4565980476180374 1.4462833810586104 1.3237480296613151 1.3102142205479907 1.3218909101313654 1.4977531174964167 1.5096668911760158 1.3591912320745132 1.3713469036178243 1.3851988925432568 1.3991908005487443 1.5585209471741097 1.5727969475878305 1.6554116340526916 1.5239879721420075 1.5393817900424318 1.5549311010529614 1.5706374758110722 1.5865025008192648 1.5424670435189358 1.556180805938838 1.5718998039786243 1.5877775797763882 1.7534571427514825 1.834756595582554 1.7021365555342809 1.7193298540750312 1.7366968222980115 1.7542392144424359 1.7719588024671069 1.9293329450046253 1.834968614450166 0.71096461209884865 1.0236050987554248 0.86372516447616809 0.87244966108703847 1.0221466968305695 1.6021427796432313 1 1 60 60 1 1 1 1 1 1 1 1 1 1 1 1 1 1 1 1 1 1 1 1 1 1 1 1 1 1 1 1 1 1 1 1 1 1 1 1 1 1 1 1 1 1 1 1 1 1 1 1 1 1 1 1 1 1 0 0 0 0 0 0 21 minuteFrequencyVector 6
10
11 24 0 0 0 0 0 0 0 0 0 0 0 0.97029899999999991 0.97029899999999991 0.98999999999999999 0 0 0.94148014940099989 0.94148014940099989 0.94148014940099989 0.96059600999999994 0.95099004989999991 0.95099004989999991 0.96059600999999994 0 0 2 1 24 24 0 0 0 0 0 0 0 0 0 0 1 1 1 0 0 1 1 1 1 1 1 1 0 0 19 hourFrequencyVector 0  0 3 1413910 2 0 3
12
13 60 0 1.1910169508207167 0.28470777327319541 0 1.0524334369875534 1.0524334369875534 0.43012272648181366 0.54888028339335715 1.093193371462293 0.97443581455074968 0.30240443566902148 0.44614937282264644 0.502493234835517 1.0210303386658757 0.784674784778982 0.12239274379499838 0.37346428045426927 1.062913366323347 1.3884276693541362 0.3217419365615537 0 1.1104415609560796 1.3127415880848567 0.33627970198673912 0.51763882019891139 0.5881358580172602 1.3177614134200266 1.1216669422264953 0.53101522644511168 0.608546641697715 1.3670480134825853 1.5927986908566842 0.39197921812844722 0.17052743088958641 1.2654301513610411 1.4959659696795673 0.23053581831852593 0 0.46588077516979343 1.3259391298110819 1.1024750006858686 0.24241664604458016 0.48499137027416284 1.3803296245328791 1.3362557625154396 0.44091750825672321 0.14964140560361566 1.5916924997601709 1.7047636814067835 0.26271258725022822 0 0.53090554295511316 0.53090554295511316 0.41572723647443371 0.41572723647443371 0.72493340735388667 1.0303924332821914 0 0 0.45569358608521998 1.1852093353396809 1 1 60 60 0 0 0 0 0 0 0 0 0 0 0 0 0 0 0 0 0 0 0 0 0 0 0 0 0 0 0 0 0 0 0 0 0 0 0 0 0 0 0 0 0 0 0 0 0 0 0 0 0 0 0 0 0 0 0 0 0 0 0 0 21 minuteFrequencyVector 6
14
15 24 0 0 0 0 0 0 0 0 0 0 0 2.9304990000000002 14.830299 11.99 0 0 4.7650384482030006 9.6741711494009994 1.9406960099999999 1.93089501 0.95099004989999991 0.96059600999999994 0.96059600999999994 0 0 2 1 24 24 0 0 0 0 0 0 0 0 0 0 0 0 0 0 0 0 0 0 0 0 0 0 0 0 19 hourFrequencyVector 7 2#13911 0 3 12141011 2 0 3
16
17 60 0 1.3697762195962708 0.91370634268965423 0 0 0.94549409642277782 0.94549409642277782 0 0 0.98427860055631278 0.98427860055631278 0 0 0.36237201786049694 1.0313437764301774 0.79260079270604245 0.123629034136362 0 1.0774603361541231 1.4024521912668042 0.32499185511268053 0.13000034453500542 1.1216581423798784 1.1216581423798784 0.20640753711741366 0.38753449024338354 0.59407662425985874 1.1752923854809916 1.1125501669602151 0.35020745261311165 0 1.3851988925432568 1.6088875665219033 0.22368867397864742 0.14519690621578268 1.4234091803178448 1.511076737050068 0.232864462948006 0.23521662924041009 0.47058664158564995 1.3393324543546281 1.1136111118039076 0.24486529903492946 0.4898902730042049 1.3942723480130093 1.8445919550703489 0.44537122046133659 0 1.4566172668248032 1.7219835165725086 0.26536624974770529 0.26804671691687404 0.53626822520718498 0.53626822520718498 0.44285005829314644 0.2790420885850588 0.86372516447616809 0.86372516447616809 0 0.1408844129042677 0.5969542898108835 1 1 60 60 0 0 0 0 0 0 0 0 0 0 0 0 0 0 0 0 0 0 0 0 0 0 0 0 0 0 0 0 0 0 0 0 0 0 0 0 0 0 0 0 0 0 0 0 0 0 0 0 0 0 0 0 0 0 0 0 0 0 0 0 21 minuteFrequencyVector 6
18
19 24 0 0 0 0 0 0 0 0 0 0 0 1.9601999999999999 14.820399 12 0 0 3.7947394482029995 9.6741711494009994 0.94148014940099989 1.9405979999999998 0.95099004989999991 0.96059600999999994 0 0 0 2 1 24 24 0 0 0 0 0 0 0 0 0 0 0 0 0 0 0 0 0 0 0 0 0 0 0 0 19 hourFrequencyVector 7 2#13911 1 3 231314 2 0 3
20
21 60 0 0.28186069554046345 0.32444552986342567 0.92340153632958699 1.043073045432968 0.29048849430996371 0.54475848060898935 1.08226143774767 1.1335136129859331 0.46820254789302196 0.29938039131233124 0.50330580625265209 1.0108200352792169 0.96921334982515883 0.31355412925101556 0.36972963764972655 1.2298067594188771 0.98621632607112153 0.32046780318476631 0 1.0993371453465188 1.2996141722040082 0.33291690496687171 0.13263987810938213 1.3237480296613151 1.1444323460666037 1.1119924923221691 0.21059844619672854 0.60429074046382913 1.1991555815539146 1.1528383780523299 0.21923726936647234 0 1.4133240409583276 1.6415545010936674 0.39040035014634672 0 1.3041651608020219 1.3041651608020219 1.0914502506790098 0.23999247958413436 0.48014145657142121 1.3665263282875504 1.3228932048902853 0.43650833317415599 0 1.4276305832149896 1.6877160445927155 0.26008546137772592 0 1.486192497525562 1.486192497525562 1.243788151022216 1.3930647197974413 1.5371566423907612 0.71261923805549554 0.16546259566473479 0 0.31166108144914251 0.88701583142607132 1.008368380470539 1 1 60 60 0 0 0 0 0 0 0 0 0 0 0 0 0 0 0 0 0 0 0 0 0 0 0 0 0 0 0 0 0 0 0 0 0 0 0 0 0 0 0 0 0 0 0 0 0 0 0 0 0 1 1 1 1 1 0 0 0 0 0 0 21 minuteFrequencyVector 6
22
23 24 0 0 0 0 0 0 0 0 0 0 0 1.950399 14.830299 12 0 0 7.6182977470050002 10.644470149401 2.9109950099999997 2.9108969999999998 1.9212890498999999 0 0.96059600999999994 0 0 2 1 24 24 0 0 0 0 0 0 0 0 0 0 0 0 1 0 0 0 0 0 0 0 0 0 0 0 19 hourFrequencyVector 7 2#13911