22 serialization::archive 9 0 0 1 2 13911 0 0 2 0 3 21 MinuteFrequencyVector 1 0
0 1 0
1 60 0 0 0 0 0 0 0 0 0 0 0 0 0 0 0 0 0 0.29638658739920792 0.29638658739920792 0 0 0.30854447063465107 0.30854447063465107 0 0 0.32120107456479141 0.32120107456479141 0 0 0.33437685688991298 0.33437685688991298 0.33775440089890202 0 0 0.3516092065580223 0.3516092065580223 0 0 0.36603234127322926 0.36603234127322926 0 0 0 0 0 0 0 0 0 0 0 0 0 0 0 0 0 0 0 0 0 1 1 60 60 0 0 0 0 0 0 0 0 0 0 0 0 0 0 0 0 0 0 0 0 0 0 0 0 0 0 0 0 0 0 0 0 0 0 0 0 0 0 0 0 0 0 0 0 0 0 0 0 0 0 0 0 0 0 0 0 0 0 0 0 21 minuteFrequencyVector 6 19 HourFrequencyVector 1 0
2
3 24 0 0 0 0 0 0 0 0 0 0 0 0 5.8217939999999997 0 0 0 0 0 0 0 0 0 0 0 0 2 1 24 24 0 0 0 0 0 0 0 0 0 0 0 1 0 0 0 0 0 0 0 0 0 0 0 0 19 hourFrequencyVector 7 1#15711 0 3 341513 2 0 3
4
5 60 0 0 0 0 0 0 0 0 0 0 0 0 0 0 0 0 0 0 0.29938039131233124 0.29938039131233124 0.30545902592830454 0.30545902592830454 0.31166108144914251 0.31166108144914251 0.31798906381914349 0.31798906381914349 0.32444552986342567 0.32444552986342567 0 0.33437685688991298 0 0.34116606151404244 0 0.34809311449244207 0.34809311449244207 0.35516081470507305 0.35516081470507305 0.36237201786049694 0.36237201786049694 0 0 0 0 0 0 0 0 0 0 0 0 0 0 0 0 0 0 0 0 0 0 1 1 60 60 0 0 0 0 0 0 0 0 0 0 0 0 0 0 0 0 0 0 0 0 0 0 0 0 0 0 0 0 0 0 0 0 0 0 0 0 0 0 0 0 0 0 0 0 0 0 0 0 0 0 0 0 0 0 0 0 0 0 0 0 21 minuteFrequencyVector 6
6
7 24 0 0 0 0 0 0 0 0 0 0 0 0 9.7029899999999998 0 0 0 0 0 0 0 0 0 0 0 0 2 1 24 24 0 0 0 0 0 0 0 0 0 0 0 0 0 0 0 0 0 0 0 0 0 0 0 0 19 hourFrequencyVector 6 2#3579 1 1 15711 2 0 3
8
9 60 0 0 0 0 0 0 0 0 0 0 0 0 0 0 0 0 0 0.29638658739920792 0.29638658739920792 0.29938039131233124 0.30240443566902148 0.30545902592830454 0.30854447063465107 0.31166108144914251 0.31480917318095203 0.31798906381914349 0.32120107456479141 0.32444552986342567 0.32772275743780371 0.33103308832101386 0.33437685688991298 0.33775440089890202 0.34116606151404244 0.34461218334751764 0.34809311449244207 0.3516092065580223 0.35516081470507305 0.35874829768189198 0.36237201786049694 0.36603234127322926 0 0 0 0 0 0 0 0 0 0 0 0 0 0 0 0 0 0 0 0 0 1 1 60 60 0 0 0 0 0 0 0 0 0 0 0 0 0 0 0 0 0 0 0 0 0 0 0 0 0 0 0 0 0 0 0 0 0 0 0 0 0 0 0 0 0 0 0 0 0 0 0 0 0 0 0 0 0 0 0 0 0 0 0 0 21 minuteFrequencyVector 6
10
11 24 0 0 0 0 0 0 0 0 0 0 0 0 0.97029899999999991 0 0 0 0 0 0 0 0 0 0 0 0 2 1 24 24 0 0 0 0 0 0 0 0 0 0 0 1 0 0 0 0 0 0 0 0 0 0 0 0 19 hourFrequencyVector 0  0 2 3579 2 0 3
12
13 60 0 0 0 0 0 0 0 0 0 0 0 0 0 0 0 0 0 0 0.29938039131233124 0.29938039131233124 0.30240443566902148 0.30545902592830454 0.31166108144914251 0.31166108144914251 0.31480917318095203 0.31798906381914349 0.32444552986342567 0.32444552986342567 0.32772275743780371 0.33103308832101386 0 0.34116606151404244 0.34116606151404244 0.34461218334751764 0.34809311449244207 0.35516081470507305 0.35516081470507305 0.35874829768189198 0.36237201786049694 0 0 0 0 0 0 0 0 0 0 0 0 0 0 0 0 0 0 0 0 0 0 1 1 60 60 0 0 0 0 0 0 0 0 0 0 0 0 0 0 0 0 0 0 0 0 0 0 0 0 0 0 0 0 0 0 0 0 0 0 0 0 0 0 0 0 0 0 0 0 0 0 0 0 0 0 0 0 0 0 0 0 0 0 0 0 21 minuteFrequencyVector 6
14
15 24 0 0 0 0 0 0 0 0 0 0 0 0 4.8514949999999999 0 0 0 0 0 0 0 0 0 0 0 0 2 1 24 24 0 0 0 0 0 0 0 0 0 0 0 0 0 0 0 0 0 0 0 0 0 0 0 0 19 hourFrequencyVector 7 1#15711 1 3 231314 2 0 3
16
17 60 0 0 0 0 0 0 0 0 0 0 0 0 0 0 0 0 0 0.29638658739920792 0.29638658739920792 0 0 0.30854447063465107 0.30854447063465107 0 0 0.32120107456479141 0.32120107456479141 0 0 0.33437685688991298 0.33437685688991298 0.33775440089890202 0 0 0.3516092065580223 0.3516092065580223 0 0 0.36603234127322926 0.36603234127322926 0 0 0 0 0 0 0 0 0 0 0 0 0 0 0 0 0 0 0 0 0 1 1 60 60 0 0 0 0 0 0 0 0 0 0 0 0 0 0 0 0 0 0 0 0 0 0 0 0 0 0 0 0 0 0 0 0 0 0 0 0 0 0 0 0 0 0 0 0 0 0 0 0 0 0 0 0 0 0 0 0 0 0 0 0 21 minuteFrequencyVector 6
18
19 24 0 0 0 0 0 0 0 0 0 0 0 0 5.8217939999999997 0 0 0 0 0 0 0 0 0 0 0 0 2 1 24 24 0 0 0 0 0 0 0 0 0 0 0 1 0 0 0 0 0 0 0 0 0 0 0 0 19 hourFrequencyVector 7 2#13911 0 3 45615 2 0 3
20
21 60 0 0 0 0 0 0 0 0 0 0 0 0 0 0 0 0 0 0 0 0.30240443566902148 0.30240443566902148 0 0 0.31480917318095203 0.31480917318095203 0 0 0.32772275743780371 0.32772275743780371 0.33103308832101386 0 0.34116606151404244 0.34116606151404244 0.34461218334751764 0 0 0.35874829768189198 0.35874829768189198 0 0 0 0 0 0 0 0 0 0 0 0 0 0 0 0 0 0 0 0 0 0 0 1 1 60 60 0 0 0 0 0 0 0 0 0 0 0 0 0 0 0 0 0 0 0 0 0 0 0 0 0 0 0 0 0 0 0 0 0 0 0 0 0 0 0 0 0 0 0 0 0 0 0 0 0 0 0 0 0 0 0 0 0 0 0 0 21 minuteFrequencyVector 6
22
23 24 0 0 0 0 0 0 0 0 0 0 0 0 4.8514949999999999 0 0 0 0 0 0 0 0 0 0 0 0 2 1 24 24 0 0 0 0 0 0 0 0 0 0 0 0 0 0 0 0 0 0 0 0 0 0 0 0 19 hourFrequencyVector 6 2#3579